0
0 0 13
16 0 14
32 0 14
48 0 14
64 0 14
80 0 14
96 0 14
112 0 14
128 0 14
144 0 14
160 0 14
176 0 14
192 0 14
208 0 14
224 0 14
240 0 14
256 0 14
272 0 15
0 16 16
16 16 35
32 16 36
48 16 17
64 16 17
80 16 4
96 16 17
112 16 17
128 16 17
144 16 17
160 16 17
176 16 17
192 16 17
208 16 17
224 16 17
240 16 35
256 16 36
272 16 18
0 32 16
16 32 37
32 32 38
48 32 17
64 32 17
80 32 17
96 32 17
112 32 17
128 32 17
144 32 17
160 32 17
176 32 17
192 32 17
208 32 17
224 32 17
240 32 37
256 32 38
272 32 18
0 48 16
16 48 17
32 48 17
48 48 17
64 48 17
80 48 17
96 48 17
112 48 17
128 48 17
144 48 17
160 48 17
176 48 17
192 48 17
208 48 17
224 48 17
240 48 4
256 48 4
272 48 18
0 64 16
16 64 17
32 64 17
48 64 17
64 64 17
80 64 17
96 64 17
112 64 17
128 64 17
144 64 17
160 64 17
176 64 17
192 64 17
208 64 17
224 64 17
240 64 4
256 64 4
272 64 18
0 80 16
16 80 17
32 80 17
48 80 17
64 80 17
80 80 17
96 80 17
112 80 17
128 80 17
144 80 17
160 80 17
176 80 17
192 80 17
208 80 17
224 80 17
240 80 4
256 80 4
272 80 18
0 96 16
16 96 17
32 96 17
48 96 17
64 96 17
80 96 17
96 96 17
112 96 17
128 96 17
144 96 17
160 96 17
176 96 17
192 96 17
208 96 17
224 96 17
240 96 4
256 96 4
272 96 18
0 112 16
16 112 17
32 112 17
48 112 17
64 112 17
80 112 17
96 112 17
112 112 17
128 112 17
144 112 17
160 112 17
176 112 17
192 112 17
208 112 17
224 112 17
240 112 4
256 112 4
272 112 18
0 128 16
16 128 17
32 128 17
48 128 17
64 128 17
80 128 17
96 128 17
112 128 17
128 128 17
144 128 17
160 128 17
176 128 17
192 128 17
208 128 17
224 128 17
240 128 4
256 128 4
272 128 18
0 144 16
16 144 35
32 144 36
48 144 17
64 144 17
80 144 17
96 144 17
112 144 17
128 144 17
144 144 17
160 144 17
176 144 17
192 144 17
208 144 17
224 144 17
240 144 35
256 144 36
272 144 18
0 160 16
16 160 37
32 160 38
48 160 17
64 160 17
80 160 17
96 160 17
112 160 17
128 160 17
144 160 17
160 160 17
176 160 17
192 160 17
208 160 17
224 160 17
240 160 37
256 160 38
272 160 18
0 176 19
16 176 20
32 176 20
48 176 20
64 176 20
80 176 20
96 176 20
112 176 20
128 176 20
144 176 20
160 176 20
176 176 20
192 176 20
208 176 20
224 176 20
240 176 20
256 176 20
272 176 21
