0
0 0 4
16 0 4
32 0 4
48 0 4
64 0 4
80 0 4
96 0 4
112 0 4
128 0 4
144 0 0
160 0 1
176 0 1
192 0 1
208 0 1
224 0 1
240 0 1
256 0 1
272 0 1
288 0 2
304 0 4
320 0 4
336 0 4
352 0 4
368 0 4
384 0 4
400 0 4
416 0 4
432 0 4
448 0 4
464 0 4
0 16 4
16 16 4
32 16 4
48 16 4
64 16 0
80 16 1
96 16 1
112 16 1
128 16 1
144 16 12
288 16 5
304 16 4
320 16 4
336 16 4
352 16 4
368 16 4
384 16 4
400 16 4
416 16 4
432 16 4
448 16 4
464 16 4
0 32 4
16 32 4
32 32 4
48 32 4
64 32 3
288 32 5
304 32 4
320 32 4
336 32 4
352 32 4
368 32 4
384 32 4
400 32 4
416 32 4
432 32 4
448 32 4
464 32 4
0 48 4
16 48 4
32 48 4
48 48 4
64 48 3
288 48 11
304 48 1
320 48 1
336 48 1
352 48 1
368 48 1
384 48 2
400 48 4
416 48 4
432 48 4
448 48 4
464 48 4
0 64 0
16 64 1
32 64 1
48 64 1
64 64 12
384 64 11
400 64 1
416 64 1
432 64 1
448 64 1
464 64 2
0 80 3
464 80 5
0 96 3
464 96 5
0 112 3
464 112 5
0 128 3
464 128 5
0 144 3
464 144 5
0 160 3
464 160 5
0 176 3
240 176 39
256 176 40
272 176 40
288 176 41
384 176 146
400 176 147
416 176 148
464 176 5
0 192 3
240 192 42
256 192 43
272 192 43
288 192 44
464 192 5
0 208 3
240 208 42
256 208 43
272 208 43
288 208 44
464 208 5
0 224 3
240 224 42
256 224 43
272 224 43
288 224 44
464 224 5
0 240 3
16 240 39
32 240 40
48 240 40
64 240 40
80 240 40
96 240 41
240 240 42
256 240 43
272 240 43
288 240 44
352 240 146
368 240 148
464 240 5
0 256 3
16 256 42
32 256 43
48 256 43
64 256 43
80 256 43
96 256 44
240 256 42
256 256 43
272 256 43
288 256 44
464 256 5
0 272 3
16 272 42
32 272 43
48 272 43
64 272 43
80 272 43
96 272 44
240 272 42
256 272 43
272 272 43
288 272 44
464 272 5
0 288 3
16 288 45
32 288 46
48 288 43
64 288 43
80 288 43
96 288 44
112 288 39
128 288 40
144 288 40
160 288 40
176 288 40
192 288 40
208 288 40
224 288 41
240 288 42
256 288 43
272 288 43
288 288 44
464 288 5
0 304 6
16 304 7
32 304 10
48 304 42
64 304 43
80 304 43
96 304 44
112 304 42
128 304 43
144 304 43
160 304 43
176 304 43
192 304 43
208 304 43
224 304 44
240 304 42
256 304 43
272 304 43
288 304 44
464 304 5
0 320 4
16 320 4
32 320 3
48 320 42
64 320 43
80 320 43
96 320 44
112 320 42
128 320 43
144 320 43
160 320 43
176 320 43
192 320 43
208 320 43
224 320 44
240 320 42
256 320 43
272 320 39
288 320 40
304 320 40
320 320 41
464 320 5
0 336 4
16 336 4
32 336 3
48 336 42
64 336 43
80 336 43
96 336 44
112 336 42
128 336 43
144 336 43
160 336 43
176 336 43
192 336 43
208 336 43
224 336 44
240 336 42
256 336 43
272 336 42
288 336 43
304 336 43
320 336 44
336 336 40
352 336 40
368 336 40
384 336 40
400 336 40
416 336 40
432 336 40
448 336 41
464 336 5
0 352 4
16 352 4
32 352 3
48 352 42
64 352 43
80 352 43
96 352 44
112 352 42
128 352 43
144 352 43
160 352 43
176 352 43
192 352 43
208 352 43
224 352 44
240 352 42
256 352 43
272 352 42
288 352 43
304 352 43
320 352 44
336 352 43
352 352 43
368 352 43
384 352 43
400 352 43
416 352 43
432 352 43
448 352 44
464 352 5
0 368 4
16 368 4
32 368 3
48 368 42
64 368 43
80 368 43
96 368 44
112 368 42
128 368 43
144 368 43
160 368 43
176 368 43
192 368 43
208 368 43
224 368 44
240 368 42
256 368 43
272 368 42
288 368 43
304 368 43
320 368 44
336 368 43
352 368 43
368 368 43
384 368 43
400 368 43
416 368 43
432 368 43
448 368 44
464 368 5
0 384 4
16 384 4
32 384 3
48 384 45
64 384 46
80 384 46
96 384 47
112 384 45
128 384 46
144 384 46
160 384 46
176 384 46
192 384 46
208 384 46
224 384 47
240 384 45
256 384 46
272 384 45
288 384 46
304 384 46
320 384 47
336 384 46
352 384 46
368 384 46
384 384 46
400 384 46
416 384 46
432 384 46
448 384 47
464 384 5
0 400 4
16 400 4
32 400 6
48 400 7
64 400 7
80 400 7
96 400 7
112 400 7
128 400 7
144 400 7
160 400 7
176 400 7
192 400 7
208 400 7
224 400 7
240 400 7
256 400 7
272 400 7
288 400 7
304 400 7
320 400 7
336 400 7
352 400 7
368 400 7
384 400 7
400 400 7
416 400 7
432 400 7
448 400 7
464 400 8
